9 0.5072115384615384 0.5552884615384616 0.3545673076923077 0.5420673076923077
1 0.5637019230769231 0.5600961538461539 0.22355769230769232 0.25240384615384615
11 0.15865384615384615 0.6802884615384616 0.20552884615384615 0.44711538461538464
11 0.27283653846153844 0.6502403846153846 0.17548076923076922 0.41225961538461536
0 0.7728365384615384 0.36899038461538464 0.171875 0.1346153846153846
11 0.7223557692307693 0.6370192307692307 0.14903846153846154 0.4495192307692308
11 0.8473557692307693 0.6682692307692307 0.13822115384615385 0.4723557692307692
2 0.19951923076923078 0.6153846153846154 0.11177884615384616 0.06971153846153846
2 0.34375 0.6045673076923077 0.051682692307692304 0.04807692307692308
2 0.7235576923076923 0.6153846153846154 0.051682692307692304 0.04807692307692308
0 0.22716346153846154 0.35336538461538464 0.11899038461538461 0.14783653846153846