9 0.5276442307692307 0.18509615384615385 0.2860576923076923 0.35697115384615385
0 0.21875 0.25600961538461536 0.2608173076923077 0.2127403846153846
0 0.8197115384615384 0.26802884615384615 0.25600961538461536 0.1875
0 0.22115384615384615 0.10817307692307693 0.22355769230769232 0.13942307692307693
0 0.7932692307692307 0.10096153846153846 0.24519230769230768 0.1346153846153846
0 0.32572115384615385 0.036057692307692304 0.1778846153846154 0.06490384615384616
0 0.6911057692307693 0.037259615384615384 0.3088942307692308 0.05048076923076923
11 0.14182692307692307 0.7067307692307693 0.27884615384615385 0.5276442307692307
11 0.42788461538461536 0.75 0.27884615384615385 0.4326923076923077
11 0.7644230769230769 0.7908653846153846 0.3425480769230769 0.4026442307692308
11 0.8569711538461539 0.6754807692307693 0.2860576923076923 0.4699519230769231
2 0.20673076923076922 0.6370192307692307 0.14543269230769232 0.05048076923076923